0.00768799542144
0.00768657312461
0.00768230632345
0.00767519535606
0.0076652410174
0.00765244489888
0.00763680984865
0.00761834053815
0.00759704411661
0.00757293093252
0.00754601529837
0.00751631627315
0.0074838584358
0.00744867262237
0.00741079659983
0.00737027565016
0.0073271630403
0.00728152035556
0.00723341767717
0.0071829335884
0.0071301549976
0.00707517677131
0.00701810117571
0.00695903712988
0.00689809927983
0.00683540690814
0.00677108269875
0.00670525138218
0.00663803829056
0.00656956785575
0.00649996208711
0.00642933906705
0.00635781150368
0.00628548537935
0.00621245873219
0.00613882060487
0.00606465019066
0.00599001620138
0.00591497647592
0.00583957784054
0.0057638562251
0.00568783703129
0.00561153574131
0.00553495874823
0.0054581043825
0.00538096410318
0.00530352381803
0.00522576529301
0.00514766760996
0.00506920863076
0.00499036642691
0.00491112063648
0.00483145371326
0.00475135203821
0.00467080686845
0.00458981510558
0.00450837987111
0.00442651088397
0.00434422464095
0.00426154440742
0.00417850003082
0.0040951275943
0.00401146893162
0.00392757102746
0.00384348532897
0.00375926699565
0.00367497411436
0.00359066690558
0.0035064069455
0.00342225642605
0.00333827747243
0.00325453153438
0.00317107886416
0.0030879780903
0.00300528589292
0.00292305678272
0.00284134298205
0.00276019440386
0.00267965872073
0.00259978151437
0.0025206064931
0.00244217576371
0.00236453014232
0.00228770948846
0.00221175304582
0.00213669977372
0.00206258865359
0.00198945895597
0.00191735045514
0.00184630358024
0.00177635949396
0.00170756009268
0.00163994792438
0.00157356602367
0.00150845766634
0.00144466604848
0.00138223389821
0.00132120303048
0.00126161385751
0.00120350486946
0.00114691210091
0.00109186859971
0.00103840391492
0.00098654361997
0.000936308886419
0.000887716122
0.000840776684577
0.000795496681269
0.000751876859095
0.000709912590532
0.000669593954208
0.000630905907842
0.000593828547586
0.000558337445191
0.000524404052056
0.000491996157336
0.000461078385878
0.000431612720952
0.000403559036494
0.000376875623934
0.000351519699575
0.000327447879852
0.000304616613653
0.00028298256296
0.000262502925469
0.000243135695309
0.000224839860463
0.00020757553788
0.000191304049487
0.000175987944196
0.000161590972632
0.000148078022471
0.000135415023095
0.000123568828649
0.000112507088541
0.00010219811405
9.26107489855e-05
8.3714251341e-05
7.54781917036e-05
6.78723728502e-05
6.08667735676e-05
5.44315183433e-05
4.85368732405e-05
4.31532670553e-05
3.82513357879e-05
3.38019875862e-05
2.97764846451e-05
2.61465380906e-05
2.28844116277e-05
1.99630296894e-05
1.73560859524e-05
1.50381483792e-05
1.29847573595e-05
1.11725140316e-05
9.57915643957e-06
8.18362178298e-06
6.96609362223e-06
5.90803348823e-06
4.99219688443e-06
4.20263415208e-06
3.52467707996e-06
2.94491247272e-06
2.45114414363e-06
2.03234497007e-06
1.67860074642e-06
1.3810475969e-06
1.13180467854e-06
9.23903821349e-07
7.5121763014e-07
6.08387419254e-07
4.90752179179e-07
3.94279590501e-07
3.15499914688e-07
2.51443409271e-07
1.99581742779e-07
1.57773726384e-07
1.24215537601e-07
9.73954883636e-08
7.60532860996e-08
5.91436519338e-08
4.58040941585e-08
3.53265861936e-08
2.71328648215e-08
2.07530445584e-08
1.58072356128e-08
1.19898539608e-08
9.05632068421e-09
6.81186208407e-09
5.10214055807e-09
3.80546741165e-09
2.82637145132e-09
2.09032039764e-09
1.53941507219e-09
1.12889835907e-09
8.24341689285e-10
5.99390956597e-10
4.33971183008e-10
3.12864839484e-10
2.24592502484e-10
1.60536552589e-10
1.14259003351e-10
8.09734174499e-11
5.71383690344e-11
4.01461971625e-11
2.80860154363e-11
1.95642408549e-11
1.35694142631e-11
9.37092738507e-12
6.44355614719e-12
4.41152249115e-12
3.00725000669e-12
2.04111325845e-12
1.37936637704e-12
9.28123164707e-13
6.2178976118e-13
4.1475542896e-13
2.75454441835e-13
1.82144198082e-13
1.19918857932e-13
7.86076776768e-14
5.13034523239e-14
3.3337359615e-14
2.15683873201e-14
1.38932845487e-14
8.91029174074e-15
5.68954638927e-15
3.61710494797e-15
2.28950386057e-15
1.442837898e-15
9.05292057388e-16
5.65527898509e-16
3.51732654468e-16
2.17803011065e-16
1.34278609145e-16
8.2421556166e-17
5.03692040617e-17
3.06463653123e-17
1.85644375984e-17
1.11962582758e-17
6.72282306506e-18
4.01899541951e-18
2.39204757435e-18
1.41745089149e-18
8.36241258433e-19
4.91179230239e-19
2.87231933458e-19
1.67228109906e-19
9.69324516981e-20
5.59386538633e-20
3.2139364011e-20
1.83841930188e-20
1.04696816158e-20
5.93613255298e-21
3.35084647533e-21
1.8831543707e-21
1.05365251064e-21
5.86933142379e-22
3.25506202116e-22
1.79725203785e-22
9.87955697641e-23
5.40685124554e-23
2.94597831318e-23
1.59805808202e-23
8.63044504467e-24
4.64035467961e-24
2.48396950814e-24
1.32378725898e-24
7.02371285374e-25
3.71015185175e-25
1.95115955748e-25
1.02157401027e-25
5.32503698041e-26
2.76344587867e-26
1.42775815203e-26
7.34401401306e-27
3.76086139864e-27
1.91741433149e-27
9.73238433515e-28
4.91809611286e-28
2.47428142351e-28
1.23929685579e-28
6.17981715192e-29
3.06796065573e-29
1.5163438443e-29
7.46138094497e-30
3.65522589547e-30
1.78271777113e-30
8.65613878056e-31
4.18445553794e-31
2.01384816458e-31
9.6491131952e-32
4.60278709755e-32
2.18588384733e-32
1.03348906528e-32
4.86471283595e-33
2.27971711371e-33
1.06359686921e-33
4.94020984795e-34
2.28447241548e-34
1.05171613216e-34
