0.00515216441024
0.00514943088041
0.00514126799848
0.00512778803156
0.00510917526329
0.00508568183363
0.00505762207589
0.00502536550652
0.0049893286589
0.00494996598255
0.00490776005224
0.00486321134742
0.00481682787
0.00476911486855
0.00472056492862
0.0046716486733
0.00462280629559
0.00457444011511
0.00452690831822
0.00448052000238
0.00443553160559
0.00439214475966
0.00435050556454
0.00431070524061
0.00427278207806
0.00423672456872
0.00420247557643
0.00416993737863
0.00413897739436
0.00410943440309
0.00408112505442
0.0040538504715
0.00402740275913
0.00400157124202
0.00397614827812
0.00395093451468
0.00392574348163
0.00390040544459
0.00387477046942
0.00384871067849
0.00382212170684
0.00379492339142
0.00376705974841
0.00373849831263
0.00370922892643
0.00367926207572
0.00364862687537
0.00361736880739
0.00358554731124
0.00355323331907
0.00352050681836
0.00348745451171
0.00345416763018
0.00342073994097
0.00338726597607
0.00335383949401
0.00332055217396
0.00328749253062
0.00325474502927
0.00322238937395
0.00319049993787
0.00315914530379
0.00312838788286
0.00309828358338
0.00306888150581
0.00304022364573
0.00301234459379
0.00298527122803
0.00295902240136
0.00293360863303
0.00290903181837
0.00288528497549
0.00286235205029
0.00284020780256
0.00281881779574
0.00279813851114
0.00277811760445
0.00275869431792
0.00273980005669
0.00272135913151
0.00270328966413
0.00268550464523
0.00266791312869
0.00265042154034
0.00263293507463
0.00261535914868
0.00259760088032
0.00257957055527
0.00256118304816
0.002542359163
0.00252302686082
0.00250312234544
0.0024825909823
0.00246138803043
0.00243947917292
0.00241684083722
0.00239346030259
0.00236933559794
0.00234447519891
0.00231889753823
0.002292630348
0.00226570985628
0.00223817986309
0.00221009072345
0.00218149826554
0.00215246267267
0.00212304735701
0.0020933178512
0.00206334074248
0.00203318267051
0.00200290940759
0.00197258503624
0.0019422712355
0.00191202668396
0.0018819065837
0.00185196230611
0.0018222411573
0.001792786258
0.00176363653031
0.00173482678126
0.00170638787161
0.00167834695661
0.0016507277843
0.00162355103637
0.00159683469604
0.00157059442746
0.00154484395137
0.00151959540264
0.00149485965605
0.00147064660834
0.00144696540609
0.00142382461113
0.00140123229739
0.00137919607556
0.00135772304495
0.00133681967407
0.00131649161479
0.00129674345724
0.00127757843496
0.00125899809219
0.00124100192657
0.00122358702206
0.00120674768726
0.00119047511478
0.0011747570766
0.00115957766956
0.00114491712354
0.00113075168305
0.00111705357064
0.00110379103798
0.00109092850797
0.00107842680853
0.00106624349602
0.00105433326398
0.00104264843073
0.00103113949741
0.0010197557666
0.00100844601042
0.000997159176305
0.000985845117839
0.000974455338045
0.000962943732257
0.0009512673179
0.000939386938699
0.000927267931169
0.000914880741647
0.000902201482541
0.000889212417036
0.000875902362073
0.000862267000157
0.000848309091445
0.000834038578635
0.000819472578493
0.000804635255442
0.000789557574475
0.000774276932782
0.000758836671858
0.000743285474442
0.00072767665334
0.000712067342003
0.000696517599465
0.000681089444863
0.000665845839159
0.000650849633657
0.00063616250652
0.000621843909501
0.000607950047517
0.000594532913518
0.000581639400163
0.000569310508334
0.000557580670309
0.000546477202742
0.000536019901346
0.00052622078564
0.000517083998269
0.000508605859389
0.000500775072687
0.000493573075636
0.000486974523051
0.000480947889618
0.000475456174319
0.00047045768731
0.000465906898118
0.000461755322951
0.000457952428502
0.000454446529865
0.000451185661112
0.000448118398527
0.000445194618606
0.000442366175395
0.000439587484702
0.000436816005901
0.000434012615417
0.000431141869509
0.000428172157312
0.000425075748457
0.000421828742578
0.000418410930711
0.00041480558087
0.000410999161839
0.000406981020467
0.000402743028411
0.000398279214362
0.000393585397336
0.000388658835561
0.000383497904072
0.000378101812183
0.000372470369799
0.000366603809089
0.000360502665419
0.000354167718834
0.000347599994786
0.000340800820407
0.000333771930449
0.000326515615134
0.000319034900676
0.000311333752153
0.000303417287758
0.000295291993219
0.000286965925445
0.00027844889503
0.000269752618245
0.00026089083046
0.000251879354437
0.000242736118704
0.000233481123044
0.000224136350008
0.000214725623248
0.000205274415218
0.000195809608449
0.000186359216022
0.000176952068107
0.000167617472355
0.000158384856641
0.000149283403012
0.000140341681827
0.000131587294869
0.000123046535808
0.000114744075705
0.000106702680392
9.89429655324e-05
9.14831939906e-05
8.43391189148e-05
7.75238746239e-05
7.10479161019e-05
6.49190066298e-05
5.91422518869e-05
5.37201777447e-05
4.86528480007e-05
4.39380174622e-05
3.95713151142e-05
3.55464516055e-05
3.18554449601e-05
2.84888582707e-05
2.54360431572e-05
2.26853829553e-05
2.02245299421e-05
1.80406313712e-05
1.61205396831e-05
1.44510029365e-05
1.30188322677e-05
1.18110439936e-05
1.08149748203e-05
1.00183694637e-05
9.40944082853e-06
8.9769036924e-06
8.70998358839e-06
8.59840325406e-06
8.63234959917e-06
8.80242462344e-06
9.0995840775e-06
9.51506789399e-06
1.00403265142e-05
1.0666947196e-05
1.13865842087e-05
1.21908965085e-05
1.3071496047e-05
1.40199093135e-05
1.50275540661e-05
1.60857324855e-05
