0.0125446932773
0.0125370314909
0.0125141005808
0.0124760628679
0.0124231854946
0.0123558354294
0.0122744726582
0.0121796417403
0.01207196195
0.0119521162599
0.0118208394519
0.0116789056609
0.0115271156688
0.0113662842688
0.011197228012
0.0110207536341
0.0108376474314
0.0106486658273
0.0104545273253
0.0102559060027
0.0100534266473
0.00984766158617
0.00963912920585
0.00942829410599
0.0092155687834
0.00900131669636
0.00878585652081
0.00856946737885
0.00835239479657
0.00813485713484
0.00791705223151
0.00769916399902
0.0074813687346
0.00726384092271
0.00704675833818
0.00683030629375
0.00661468091484
0.00640009136634
0.0061867609994
0.00597492742827
0.00576484158735
0.0055567658551
0.00535097136287
0.00514773463205
0.00494733370245
0.00475004392612
0.00455613360631
0.00436585965847
0.00417946346198
0.00399716705631
0.00381916981551
0.00364564571126
0.00347674124762
0.00331257412175
0.00315323263572
0.00299877585511
0.00284923448287
0.00270461239155
0.00256488873563
0.00243002054753
0.0022999457078
0.00217458617146
0.00205385132853
0.00193764137836
0.0018258506028
0.00171837043298
0.00161509221816
0.00151590962103
0.00142072058229
0.00132942881683
0.00124194482398
0.00115818641368
0.00107807876885
0.00100155408103
0.000928550810129
0.000859012630577
0.000792887134178
0.000730124364676
0.000670675260475
0.000614490080236
0.000561516881415
0.000511700114701
0.000464979388171
0.000421288444322
0.000380554381602
0.000342697140071
0.000307629259085
0.000275255903724
0.000245475146594
0.000218178482967
0.000193251550125
0.000170575016496
0.000150025602725
0.000131477195136
0.000114802012071
9.98717851366e-05
8.655892019e-05
7.47376067604e-05
6.42848492207e-05
5.50813981203e-05
4.70125654229e-05
3.99689126997e-05
3.38468064191e-05
2.8548839155e-05
2.39841196937e-05
2.00684385462e-05
1.67243182246e-05
1.38809598012e-05
1.14740987447e-05
9.44578387216e-06
7.74409351881e-06
6.32280279952e-06
5.14101518645e-06
4.16277065913e-06
3.35664147536e-06
2.69532524852e-06
2.15524357568e-06
1.71615300368e-06
1.36077370369e-06
1.07443989008e-06
8.44774799266e-07
6.61391959748e-07
5.1562354777e-07
4.00275837998e-07
3.09411122587e-07
2.38154977125e-07
1.82527386503e-07
1.39295993595e-07
1.05849583155e-07
8.00898464713e-08
6.03394734812e-08
4.5264673302e-08
3.38103181759e-08
2.51460276367e-08
1.86216491783e-08
1.37307403358e-08
1.00808080881e-08
7.36920958112e-09
5.36375946188e-09
3.8872209133e-09
2.80497808322e-09
2.01529614805e-09
1.44167150202e-09
1.02685877894e-09
7.2823420074e-10
5.14216946304e-10
3.61522823118e-10
2.53068546654e-10
1.76381433991e-10
1.22399312206e-10
8.45698752688e-11
5.81784612458e-11
3.98490387353e-11
2.71757678594e-11
1.84524252799e-11
1.24747562375e-11
8.3968618596e-12
5.62739815453e-12
3.7549431049e-12
2.49461520641e-12
1.65009018203e-12
1.08671370903e-12
7.12566527909e-13
4.65198138398e-13
3.02379456546e-13
1.95689651481e-13
1.26091036257e-13
8.0891124016e-14
5.16674902505e-14
3.28574042695e-14
2.08040594257e-14
1.31147930036e-14
8.2313846466e-15
5.14377596565e-15
3.20028374751e-15
1.98240246538e-15
1.22262055339e-15
7.50736795534e-16
4.58964920882e-16
2.79361598948e-16
1.69296896013e-16
1.02147093544e-16
6.13617061874e-17
3.66997330624e-17
2.18535565951e-17
1.29561144494e-17
7.64751859202e-18
4.49426959156e-18
2.62960316621e-18
1.53184043815e-18
8.8844138664e-19
5.13021641478e-19
2.94940197897e-19
1.68819789251e-19
9.62063146382e-20
5.45851338311e-20
3.08343997942e-20
1.73415009689e-20
9.71018908702e-21
5.4132522153e-21
3.00454124417e-21
1.6603023177e-21
9.13450551408e-22
5.00347283284e-22
2.72864137884e-22
1.48152698199e-22
8.0086744936e-23
4.31022039942e-23
2.3095419838e-23
1.23208192246e-23
6.54395713884e-24
3.46041545155e-24
1.82180872215e-24
9.54913107483e-25
4.98323403246e-25
2.58907645726e-25
1.33925860053e-25
6.89715213678e-26
3.53639510011e-26
1.80524931725e-26
9.17484758101e-27
4.64243266852e-27
2.33871491635e-27
1.17298836979e-27
5.8572627943e-28
2.91192465289e-28
1.44128483123e-28
7.10237500207e-29
3.48450688031e-29
1.70201288474e-29
8.27690552939e-30
4.00734414566e-30
1.93165081946e-30
9.27008674553e-31
4.42916666798e-31
2.10689627333e-31
9.97808165956e-32
4.70471782769e-32
2.20852642558e-32
1.03217652084e-32
4.8027233994e-33
2.22486296535e-33
1.02612654116e-33
4.71173014673e-34
2.15397969711e-34
9.80357294046e-35
4.44230755584e-35
2.00407605514e-35
9.00121204364e-36
4.025027803e-36
1.79191645573e-36
7.94232210327e-37
3.50475758973e-37
1.53974609451e-37
6.73473889886e-38
2.9327350534e-38
1.2714673226e-38
5.48804639384e-39
2.3583618265e-39
1.00898122527e-39
4.29769524299e-40
1.8225016294e-40
7.69449128668e-41
3.23423427949e-41
1.35345093646e-41
5.6388810973e-42
2.33895916204e-42
9.65898578967e-43
3.97117939162e-43
1.62549815926e-43
6.62418361649e-44
2.68755310668e-44
1.08557658894e-44
4.36558566755e-45
1.74784575474e-45
6.96694125083e-46
2.76477351829e-46
1.09233350832e-46
4.29664179802e-47
1.68260104857e-47
6.56011105978e-48
2.54635632475e-48
9.84022498621e-49
3.78589588317e-49
1.45014026289e-49
5.53004905092e-50
2.09954654104e-50
7.93596057887e-51
2.98642006054e-51
1.11886994437e-51
4.17335729698e-52
1.54977517788e-52
5.72966107499e-53
2.10894955889e-53
7.72823656722e-54
2.81949616097e-54
1.02409305781e-54
3.70325895694e-55
1.33323104632e-55
4.77862953897e-56
