0.00393861985713
0.00393520196752
0.00392500753929
0.00390821293481
0.00388510759753
0.00385608744007
0.0038216458417
0.00378236249946
0.00373889043471
0.00369194150407
0.0036422708011
0.00359066036085
0.00353790259224
0.00348478386454
0.00343206866233
0.00338048469994
0.00333070935181
0.00328335771122
0.00323897253685
0.00319801628803
0.00316086538555
0.00312780676856
0.0030990367516
0.00307466212018
0.00305470334192
0.00303909971389
0.00302771621769
0.00302035181297
0.00301674886914
0.00301660341407
0.00301957586896
0.00302530193907
0.00303340334185
0.00304349807513
0.00305520995817
0.00306817721639
0.00308205992387
0.00309654616619
0.00311135683585
0.00312624902384
0.00314101801968
0.00315549797853
0.00316956135486
0.00318311723727
0.00319610874648
0.00320850967797
0.00322032058225
0.00323156447809
0.00324228238942
0.00325252888347
0.00326236776975
0.00327186809501
0.00328110054247
0.00329013431368
0.00329903454138
0.00330786025228
0.00331666287142
0.00332548523569
0.00333436106426
0.00334331481847
0.00335236187372
0.00336150892093
0.0033707545153
0.00338008969447
0.00338949859684
0.00339895902182
0.00340844288794
0.00341791655908
0.00342734102459
0.00343667193346
0.00344585949626
0.00345484827969
0.00346357692797
0.00347197785131
0.00347997692559
0.00348749324786
0.00349443899078
0.00350071939472
0.00350623293034
0.00351087165682
0.0035145217925
0.00351706450534
0.00351837692174
0.00351833334307
0.00351680665146
0.00351366987895
0.0035087979084
0.00350206926978
0.00349336799241
0.00348258547202
0.00346962231085
0.00345439009041
0.00343681303804
0.00341682955176
0.00339439355159
0.00336947562988
0.0033420639781
0.00331216507256
0.00327980410661
0.00324502516231
0.00320789111898
0.00316848330141
0.00312690087428
0.00308325999385
0.0030376927314
0.0029903457862
0.00294137900861
0.00289096375662
0.00283928111096
0.00278651997595
0.0027328750946
0.00267854500763
0.0026237299868
0.00256862997347
0.00251344255316
0.00245836099661
0.0024035723968
0.00234925592996
0.00229558126663
0.00224270715613
0.0021907802045
0.00213993386236
0.0020902876344
0.00204194651769
0.00199500067067
0.00194952530915
0.00190558082065
0.00186321308263
0.00182245396579
0.00178332199894
0.00174582316876
0.00170995182494
0.0016756916598
0.0016430167311
0.00161189249752
0.00158227683825
0.0015541210312
0.00152737066809
0.00150196648956
0.0014778451284
0.00145493975447
0.00143318062043
0.00141249551232
0.00139281011378
0.00137404829689
0.0013561323552
0.00133898319732
0.00132252051981
0.00130666297888
0.00129132837897
0.00127643389482
0.00126189634084
0.00124763249884
0.00123355951113
0.00121959534284
0.00120565931303
0.00119167269082
0.00117755934926
0.00116324646655
0.00114866526204
0.00113375175177
0.00111844750769
0.00110270040284
0.00108646532519
0.00106970484237
0.00105238980043
0.00103449984043
0.00101602381832
0.000996960114966
0.000977316825164
0.000957111816729
0.000936372653029
0.000915136374928
0.000893449140756
0.000871365725744
0.000848948885182
0.000826268588438
0.000803401133748
0.000780428156439
0.000757435545708
0.000734512287377
0.000711749251977
0.000689237949029
0.000667069269515
0.000645332239049
0.000624112804355
0.000603492675058
0.000583548241745
0.000564349589594
0.000545959624728
0.000528433327872
0.000511817146947
0.000496148536958
0.000481455652182
0.000467757192083
0.00045506239897
0.000443371201997
0.000432674499017
0.000422954564951
0.000414185572872
0.000406334212049
0.000399360385649
0.000393217969828
0.000387855615518
0.000383217574281
0.000379244530262
0.00037587442135
0.000373043234229
0.000370685759929
0.000368736298734
0.000367129305781
0.000365799971286
0.000364684732012
0.000363721713173
0.000362851102448
0.000362015459986
0.000361159970186
0.000360232642554
0.000359184469989
0.000357969553464
0.000356545202119
0.000354872017446
0.000352913969339
0.000350638470551
0.000348016454521
0.000345022459664
0.000341634721273
0.000337835270128
0.000333610035016
0.000328948944544
0.00032384602222
0.000318299467597
0.000312311715643
0.00030588946622
0.000299043675878
0.000291789504829
0.000284146213183
0.000276137002043
0.000267788796865
0.000259131972583
0.00025020002206
0.000241029171624
0.000231657949422
0.000222126714143
0.000212477153219
0.000202751760741
0.000192993306116
0.000183244304841
0.000173546502679
0.000163940384025
0.000154464714402
0.000145156125821
0.000136048752327
0.000127173921404
0.000118559905203
0.000110231733805
0.000102211070983
9.45161513542e-05
8.71617763086e-05
8.015936488e-05
7.35170546447e-05
6.72398469612e-05
6.13297902852e-05
5.57861949743e-05
5.06058728774e-05
4.57833950867e-05
4.13113614631e-05
3.71806759199e-05
3.33808219108e-05
2.99001331042e-05
2.67260547955e-05
2.38453921953e-05
2.12445423128e-05
1.89097067159e-05
1.68270829819e-05
1.49830331561e-05
1.33642279999e-05
1.19577662456e-05
1.0751268485e-05
9.73294570431e-06
8.89164285284e-06
8.21685819507e-06
7.69873955751e-06
7.32805893786e-06
7.09616730076e-06
6.99493173542e-06
7.01665749144e-06
7.15399773211e-06
7.39985413887e-06
7.74727175335e-06
8.18933164259e-06
8.71904510279e-06
9.32925316532e-06
1.0012535123e-05
1.07611296445e-05
1.15668717857e-05
1.24211488317e-05
1.33148774217e-05
1.42385038184e-05
1.51820285053e-05
