3.37310894625e-05
3.41565330381e-05
3.54365085586e-05
3.75818716055e-05
4.06104528944e-05
4.45466680104e-05
4.94209763469e-05
5.52691947272e-05
6.21316729752e-05
7.00523406262e-05
7.907763602e-05
8.92553311841e-05
0.000100633268149
0.000113258024593
0.000127173528944
0.000142419647122
0.000159030765065
0.000177034392726
0.000196449816537
0.000217286828138
0.000239544557478
0.000263210438212
0.000288259332483
0.000314652840825
0.000342338820923
0.000371251136401
0.000401309653733
0.000432420501731
0.000464476604013
0.0004973584904
0.000530935388358
0.000565066590557
0.000599603089295
0.000634389463139
0.000669265995581
0.000704071000044
0.000738643320099
0.000772824968525
0.000806463863834
0.000839416618295
0.000871551327379
0.000902750307144
0.000932912723413
0.000961957054968
0.000989823332373
0.00101647509481
0.00104190100932
0.0010661161005
0.00108916254369
0.00111110998148
0.00113205533144
0.0011521220626
0.00117145892902
0.00119023816067
0.00120865312444
0.00122691548111
0.00124525187717
0.00126390022329
0.00128310562294
0.00130311602597
0.00132417769095
0.00134653054792
0.00137040355862
0.0013960101742
0.0014235439913
0.00145317470538
0.00148504445562
0.00151926464886
0.00155591334072
0.00159503324067
0.00163663039434
0.00168067358189
0.00172709445489
0.00177578841765
0.00182661624146
0.00187940638325
0.00193395796311
0.00199004433937
0.00204741720506
0.00210581111647
0.00216494835319
0.00222454400039
0.00228431113731
0.00234396601257
0.00240323308622
0.0024618498206
0.00251957110766
0.00257617322891
0.00263145725507
0.00268525180678
0.00273741511364
0.00278783632701
0.00283643606141
0.00288316615955
0.00292800869668
0.00297097425987
0.00301209955712
0.00305144442852
0.00308908834727
0.00312512651097
0.0031596656332
0.00319281955227
0.00322470477659
0.003255436086
0.00328512230439
0.00331386235222
0.0033417416775
0.00336882915182
0.00339517450364
0.00342080634543
0.00344573083491
0.00346993099314
0.0034933666858
0.00351597525723
0.00353767279147
0.00355835596021
0.00357790440467
0.00359618358773
0.00361304804263
0.00362834493797
0.00364191787238
0.00365361080938
0.00366327206041
0.00367075822472
0.00367593799609
0.00367869575015
0.00367893483093
0.00367658046213
0.00367158221647
0.00366391598609
0.00365358540751
0.00364062270639
0.00362508893987
0.00360707362752
0.00358669377522
0.00356409231023
0.00353943595863
0.00351291260925
0.00348472821999
0.00345510333266
0.00342426927181
0.00339246410975
0.00335992848542
0.00332690136753
0.00329361585342
0.00326029509347
0.00322714842763
0.00319436781521
0.00316212463157
0.0031305668973
0.00309981699494
0.00306996991772
0.00304109208351
0.00301322073478
0.00298636393389
0.00296050115071
0.00293558442832
0.00291154010117
0.00288827102962
0.00286565930508
0.00284356937084
0.00282185149557
0.0028003455296
0.0027788848678
0.00275730053833
0.00273542533286
0.00271309789201
0.00269016665909
0.00266649361672
0.00264195772361
0.00261645797404
0.00258991600909
0.00256227821759
0.00253351727516
0.00250363308186
0.00247265307255
0.00244063188882
0.00240765041659
0.00237381420938
0.00233925133278
0.00230410968062
0.00226855382718
0.00223276149202
0.00219691970431
0.00216122076138
0.00212585808148
0.00209102205305
0.00205689598245
0.00202365223848
0.00199144868593
0.00196042549163
0.0019307023755
0.00190237636614
0.00187552010624
0.00185018073801
0.0018263793827
0.00180411121309
0.00178334610209
0.00176402981659
0.00174608571252
0.0017294168755
0.00171390864215
0.00169943142916
0.0016858437922
0.00167299563321
0.0016607314739
0.00164889371411
0.00163732579717
0.00162587520904
0.00161439624497
0.0016027524854
0.00159081893202
0.00157848376529
0.00156564969547
0.0015522348906
0.00153817347606
0.00152341561167
0.001507927163
0.00149168899381
0.00147469591539
0.00145695533708
0.0014384856687
0.00141931453111
0.00139947683483
0.00137901278866
0.00135796590089
0.00133638103384
0.00131430257
0.0012917727431
0.00126883018133
0.0012455087028
0.00122183639439
0.0011978349963
0.00117351960416
0.00114889869065
0.00112397443819
0.00109874336439
0.00107319721264
0.00104732407196
0.00102110968294
0.000994538881118
0.000967597124769
0.000940272052157
0.000912555012441
0.000884442516119
0.000855937553957
0.000827050738292
0.000797801227001
0.000768217398126
0.000738337251814
0.000708208525634
0.000677888518988
0.000647443632065
0.000616948634072
0.000586485684135
0.000556143135868
0.000526014163009
0.000496195248454
0.000466784582365
0.000437880416705
0.000409579423571
0.000381975103082
0.000355156283492
0.000329205751755
0.000304199047258
0.000280203445051
0.000257277147921
0.000235468699399
0.000214816622492
0.000195349281868
0.000177084960639
0.000160032137008
0.000144189940978
0.000129548767265
0.000116091017531
0.000103791943135
9.26205587237e-05
8.2540597204e-05
7.35114777203e-05
6.54892602708e-05
5.84275632517e-05
5.22784234635e-05
4.69930817711e-05
4.2522681503e-05
3.8818870689e-05
3.58343031898e-05
3.35230375609e-05
3.18408359853e-05
3.07453687114e-05
3.01963320582e-05
3.01554901527e-05
3.05866520852e-05
3.14555971072e-05
3.27299608438e-05
3.43790952748e-05
3.63739144937e-05
3.86867370418e-05
4.12911340052e-05
4.416179015e-05
4.72743832447e-05
