0.0201621270212
0.0201293277544
0.0200313452191
0.0198694156691
0.0196455680255
0.0193625776702
0.0190239038099
0.0186336123662
0.0181962867716
0.017716929391
0.0172008565144
0.0166535899939
0.0160807486081
0.0154879421387
0.0148806709473
0.0142642335512
0.0136436443316
0.0130235630862
0.0124082376749
0.0118014605264
0.0112065392882
0.0106262814403
0.0100629922615
0.00951848515616
0.00899410302709
0.0084907491306
0.00800892566728
0.00754877825984
0.00711014443738
0.00669260428305
0.00629553150176
0.0059181433164
0.00555954779676
0.00521878745152
0.00489487816069
0.00458684278192
0.00429373901809
0.00401468137681
0.00374885727659
0.00349553755186
0.00325408177683
0.00302393896091
0.00280464426603
0.00259581245884
0.00239712883838
0.00220833837755
0.00202923378572
0.00185964314645
0.00169941771221
0.00154842035295
0.00140651506151
0.00127355782213
0.00114938905176
0.00103382773222
0.000926667267008
0.000827673022526
0.000736581451097
0.00065310064336
0.000576912120989
0.000507673656612
0.000445022895705
0.000388581553877
0.000337959970845
0.000292761817879
0.000252588776846
0.000217045034406
0.000185741462804
0.000158299387506
0.000134353870334
0.000113556463641
9.55774156196e-05
8.01073283438e-05
6.68582883129e-05
5.55645038222e-05
4.59824944874e-05
3.78908858292e-05
3.10898662573e-05
2.54003654451e-05
2.066301237e-05
1.67369286584e-05
1.34984087557e-05
1.08395332747e-05
8.66675604271e-06
6.89949922416e-06
5.46878471992e-06
4.31592408828e-06
3.39128366548e-06
2.65313652163e-06
2.06660844933e-06
1.60272138813e-06
1.23753454471e-06
9.5138095312e-07
7.28195290493e-07
5.54927363987e-07
4.21034749599e-07
3.18047523369e-07
2.39197811707e-07
1.79106933735e-07
1.3352315398e-07
9.91034538515e-08
7.32332182917e-08
5.387828006e-08
3.94643363617e-08
2.87793256118e-08
2.08949071372e-08
1.51037100042e-08
1.08695000219e-08
7.78785120117e-09
5.55529743003e-09
3.94528206074e-09
2.78951934319e-09
1.96363520249e-09
1.37616945527e-09
9.6020127346e-10
6.67008713556e-10
4.61295516278e-10
3.17617999028e-10
2.17725247342e-10
1.48590136595e-10
1.00959775765e-10
6.82941805774e-11
4.59934174763e-11
3.08378485966e-11
2.05848940093e-11
1.36800960041e-11
9.05118389423e-12
5.9620712718e-12
3.909887648e-12
2.5527398079e-12
1.65929578542e-12
1.07378143844e-12
6.91803321993e-13
4.43735235115e-13
2.83360669826e-13
1.80148012799e-13
1.14023273833e-13
7.18507892444e-14
4.50758030908e-14
2.81532922939e-14
1.75060671497e-14
1.0837312048e-14
6.67925559975e-15
4.09833973632e-15
2.50357828889e-15
1.5226063757e-15
9.21907364126e-16
5.55725116953e-16
3.33507651309e-16
1.99262028849e-16
1.1852670268e-16
7.01908834494e-17
4.13826225747e-17
2.42900301945e-17
1.41941958198e-17
8.25783451727e-18
4.7829314782e-18
2.75800278064e-18
1.58331656838e-18
9.0492646611e-19
5.14909925526e-19
2.91690067574e-19
1.64507002488e-19
9.23675608152e-20
5.16329416686e-20
2.87346915901e-20
1.59205644701e-20
8.78178108445e-21
4.82257454362e-21
2.63661953528e-21
1.43511971934e-21
7.77679993154e-22
4.19552030622e-22
2.25342347851e-22
1.20495788912e-22
6.41465010679e-23
3.39974313768e-23
1.79387118093e-23
9.42341672581e-24
4.92830438137e-24
2.56601159871e-24
1.33012255995e-24
6.86430610666e-25
3.52674086313e-25
1.80394116811e-25
9.1863521508e-26
4.65731591267e-26
2.35071610461e-26
1.18123561682e-26
5.90941839205e-27
2.94323399304e-27
1.4594078481e-27
7.20444267217e-28
3.54075534302e-28
1.73246016035e-28
8.43922163938e-29
4.09273212648e-29
1.97604136371e-29
9.49840136647e-30
4.54544880852e-30
2.16558275928e-30
1.02717526506e-30
4.85049506176e-31
2.28033850386e-31
1.0672945881e-31
4.97325835454e-32
2.30711612737e-32
1.06553962234e-32
4.89938378951e-33
2.24277145999e-33
1.02211621497e-33
4.6375352822e-34
2.09481589983e-34
9.42054822771e-35
4.21772411283e-35
1.87997394496e-35
8.34251809948e-36
3.68565046112e-36
1.62107380755e-36
7.09844273386e-37
3.09453232425e-37
1.34306986731e-37
5.80328399947e-38
2.49643737453e-38
1.0691512676e-38
4.55857661322e-39
1.93504460412e-39
8.17757088385e-40
3.44056102277e-40
1.4411388274e-40
6.00971636616e-41
2.49501826989e-41
1.03125265264e-41
4.24353723435e-42
1.7384513501e-42
7.09036590556e-43
2.87903094086e-43
1.1638461935e-43
4.68399495711e-44
1.87676032273e-44
7.48639555548e-45
2.97309156752e-45
1.17548029914e-45
4.62694114437e-46
1.81319345418e-46
7.07401299005e-47
2.74763539776e-47
1.06248764373e-47
4.09034749725e-48
1.5677183815e-48
5.98201393023e-49
2.27247079326e-49
8.5945020054e-50
3.23604563545e-50
1.21305381285e-50
4.52706784141e-51
1.68199786577e-51
6.22164713937e-52
2.29116732613e-52
8.40000857089e-53
3.06601403475e-53
1.11414067981e-53
4.03067150203e-54
1.45173134645e-54
5.20554945528e-55
1.85831087494e-55
6.60452556338e-56
2.33687963789e-56
8.2319461647e-57
2.88695592297e-57
1.00797378182e-57
3.50372301439e-58
1.21249997812e-58
4.177391253e-59
1.43284760801e-59
4.8928993904e-60
1.66342796163e-60
5.6300614472e-61
1.89711515734e-61
6.36422713919e-62
2.12553892717e-62
7.06746824462e-63
2.33953785023e-63
7.71023632031e-64
2.52974474893e-64
8.26336836285e-65
2.68725522365e-65
8.70025751926e-66
2.80431428763e-66
8.99896667599e-67
2.87494791222e-67
9.14405210577e-68
2.89546803269e-68
9.12788634769e-69
2.8647916161e-69
8.95132261696e-70
2.7845353716e-70
8.62362019177e-71
2.65887457577e-71
8.16163985865e-72
2.49418317083e-72
